100	0.08491999953985215
200	0.15964000001549722
300	0.2666000001132488
400	0.4145600005984306
500	0.5243599995970726
600	0.5802400004118681
700	0.7394799999892712
800	0.8961999990046025
900	1.0410999990999699
1000	1.1253000002354383
1100	1.283779999613762
1200	1.4382800001651048
1300	1.5315799992531538
1400	1.6326200000941753
1500	1.9916600003838538
1600	1.9461399994790554
1700	2.097179999947548
1800	2.2656200006604195
1900	2.3442799996584656
2000	2.615540000423789
2100	2.700000001117587
2200	2.908500000089407
2300	2.9264999996870755
2400	3.0194000001996755
2500	3.3034399997442963
2600	4.710720000416041
2700	3.6688200000673534
2800	3.6146600000560283
2900	3.966840000078082
3000	4.020299999788404
3100	4.320079999789596
3200	4.360700000077486
3300	4.442339999973774
3400	4.720919999852777
3500	4.737859999760985
3600	4.9856800001114605
3700	5.180039999634028
3800	5.351239999383688
3900	5.42424000017345
4000	5.974300000444055
4100	5.6651600010693075
4200	5.997959999367595
4300	5.890640000626445
4400	6.355880000069737
4500	6.676099999621511
4600	6.718360000103712
4700	7.0132599994540215
4800	7.0004200004041195
4900	7.3443999998271465
5000	7.224399999901652
