100	0.2
200	0.7
300	1.7
400	3.1
500	4.8
600	7.0
700	9.5
800	12.5
900	15.8
1000	19.6
1100	24.1
1200	28.1
1300	32.9
1400	38.2
1500	44.2
1600	50.0
1700	57.2
1800	63.4
1900	71.1
2000	78.6
2100	86.8
2200	94.5
2300	104.0
2400	118.3
2500	123.6
2600	132.4
2700	141.9
2800	153.1
2900	164.0
3000	176.0
3100	188.7
3200	199.8
3300	212.8
3400	225.8
3500	239.9
3600	256.4
3700	271.7
3800	281.4
3900	296.6
4000	313.5
4100	331.0
4200	344.3
4300	361.0
4400	377.7
4500	395.2
4600	412.5
4700	430.6
4800	467.8
4900	474.1
5000	489.7
