100	0.2
200	0.6
300	1.3
400	2.4
500	4.0
600	5.7
700	7.8
800	10.3
900	12.8
1000	15.9
1100	20.2
1200	23.3
1300	26.8
1400	32.0
1500	35.6
1600	43.1
1700	45.6
1800	50.9
1900	57.0
2000	63.0
2100	69.3
2200	76.3
2300	83.5
2400	90.5
2500	98.0
2600	111.5
2700	116.3
2800	123.7
2900	132.2
3000	151.3
3100	159.7
3200	161.4
3300	182.9
3400	182.6
3500	192.3
3600	203.5
3700	215.5
3800	227.0
3900	240.1
4000	254.0
4100	264.7
4200	291.5
4300	292.4
4400	305.5
4500	319.9
4600	353.6
4700	347.4
4800	365.8
4900	382.0
5000	395.4
